6351624697
6351726328
6353907010
6354464149
6354568973
6355471004
6355490452
6355632056
6387101146
7016215524
7041308077
7043644302
7048516152
7069174170
7096708376
7265828379
7285069397
7359259380
7383745097
7567956037
7600289833
7859925272
7863002295
7863038718
7874275251
7984537668
7984703539
7990082112
7990556791
7990717917
7990830235
8140655239
8140739616
8140815523
8141620090
8141834942
8160293697
8200415061
8347505025
8469084063
8469949414
8511802645
8530740203
8758919147
8780398921
8780508350
8849466460
8849507817
8849871545
8980051163
9016218700
9016291809
9023458024
9023789130
9023823110
9081072538
9081540307
9081599039
9081684713
9081747898
9081850601
9099347698
9099528658
9104219327
9104528686
9106595963
9106953175
9157404161
9173261526
9316770766
9327510426
9327516063
9327585724
9328841819
9426178829
9429052343
9429077676
9429164941
9510388590
9537375857
9558545223
9574972025
9586048479
9624596332
9687779856
9687990945
9725477958
9726902250
9825756546
9904569262
9913383851
9924367263
9924814151
9924893478
9925175520
